2022 09 10 2579  6 22 22 22 22 22 22 22 22 176   8   8   8   8   8   8   8   8   8 0.4 2 104 127.0   122.0 123.9 125.2 120.5 120.6
2022 09 11 2579  7 22 22 22 22 22 22 22 22 176   8   8   8   8   8   8   8   8   8 0.4 2  71 127.0   122.2 123.8 125.3 120.7 120.5
2022 09 12 2579  8 13 13 13 13 13 13 13 13 104   5   5   5   5   5   5   5   5   5 0.2 1  71 125.0   122.4 123.8 123.4 121.0 120.6
2022 09 13 2579  9 24 24 24 24 24 24 24 24 192  10  10  10  10  10  10  10  10  10 0.6 3  71 123.0   122.7 123.9 121.5 121.3 120.6
2022 09 14 2579 10 22 22 22 22 22 22 22 22 176   8   8   8   8   8   8   8   8   8 0.4 2  71 122.0   122.8 124.0 120.5 121.4 120.8
2022 09 15 2579 11 13 13 13 13 13 13 13 13 104   5   5   5   5   5   5   5   5   5 0.2 1  71 120.0   122.7 124.2 118.6 121.4 121.0
2022 09 16 2579 12 30 30 30 30 30 30 30 30 240  15  15  15  15  15  15  15  15  15 0.8 4  71 118.0   122.5 124.4 116.7 121.3 121.2
2022 09 17 2579 13 22 22 22 22 22 22 22 22 176   8   8   8   8   8   8   8   8   8 0.4 2  71 118.0   122.4 124.6 116.8 121.2 121.5
2022 09 18 2579 14 13 13 13 13 13 13 13 13 104   5   5   5   5   5   5   5   5   5 0.2 1  71 126.0   122.3 125.0 124.8 121.2 121.8
2022 09 19 2579 15 13 13 13 13 13 13 13 13 104   5   5   5   5   5   5   5   5   5 0.2 1  71 120.0   122.3 125.2 118.9 121.2 122.1
2022 09 20 2579 16 13 13 13 13 13 13 13 13 104   5   5   5   5   5   5   5   5   5 0.2 1  71 125.0   122.2 125.5 123.9 121.2 122.4
2022 09 21 2579 17 13 13 13 13 13 13 13 13 104   5   5   5   5   5   5   5   5   5 0.2 1  71 125.0   122.1 125.8 124.0 121.2 122.7
2022 09 22 2579 18 13 13 13 13 13 13 13 13 104   5   5   5   5   5   5   5   5   5 0.2 1  71 115.0   121.9 125.9 114.1 121.0 122.9
2022 09 23 2579 19 27 27 27 27 27 27 27 27 216  12  12  12  12  12  12  12  12  12 0.7 3  71 115.0   121.7 126.0 114.2 120.8 123.0
2022 09 24 2579 20 24 24 24 24 24 24 24 24 192  10  10  10  10  10  10  10  10  10 0.6 3  71 115.0   121.4 126.0 114.2 120.6 123.1
2022 09 25 2579 21 29 29 29 29 29 29 29 29 232  14  14  14  14  14  14  14  14  14 0.8 4  71 120.0   121.0 126.0 119.3 120.3 123.1
2022 09 26 2579 22 29 29 29 29 29 29 29 29 232  14  14  14  14  14  14  14  14  14 0.8 4  71 120.0   120.7 126.0 119.3 120.1 123.1
2022 09 27 2579 23 29 29 29 29 29 29 29 29 232  14  14  14  14  14  14  14  14  14 0.8 4  71 120.0   120.5 125.8 119.4 119.9 123.0
2022 09 28 2579 24 22 22 22 22 22 22 22 22 176   8   8   8   8   8   8   8   8   8 0.4 2  71 120.0   120.3 125.5 119.5 119.8 122.8
2022 09 29 2579 25 22 22 22 22 22 22 22 22 176   8   8   8   8   8   8   8   8   8 0.4 2  71 118.0   120.3 125.0 117.6 119.9 122.3
2022 09 30 2579 26 37 37 37 37 37 37 37 37 296  22  22  22  22  22  22  22  22  22 1.1 5  71 118.0   120.3 124.4 117.6 119.9 121.8
2022 10 01 2579 27 51 51 51 51 51 51 51 51 408  50  50  50  50  50  50  50  50  50 1.6 7  70 115.0   120.4 123.7 114.7 120.1 121.2
2022 10 02 2580  1 39 39 39 39 39 39 39 39 312  25  25  25  25  25  25  25  25  25 1.2 6  70 125.0   120.4 123.2 124.7 120.2 120.7
2022 10 03 2580  2 31 31 31 31 31 31 31 31 248  16  16  16  16  16  16  16  16  16 0.9 4  70 120.0   120.5 122.5 119.8 120.2 120.1
2022 10 04 2580  3 27 27 27 27 27 27 27 27 216  12  12  12  12  12  12  12  12  12 0.7 3  70 120.0   120.4 121.8 119.9 120.3 119.4
2022 10 05 2580  4 24 24 24 24 24 24 24 24 192  10  10  10  10  10  10  10  10  10 0.6 3  70 122.0   120.3 121.1 122.0 120.1 118.8
2022 10 06 2580  5 22 22 22 22 22 22 22 22 176   8   8   8   8   8   8   8   8   8 0.4 2  70 120.0   120.1 120.5 120.0 120.0 118.3
2022 10 07 2580  6 22 22 22 22 22 22 22 22 176   8   8   8   8   8   8   8   8   8 0.4 2  70 120.0   119.8 120.1 120.1 119.8 117.9
2022 10 08 2580  7 22 22 22 22 22 22 22 22 176   8   8   8   8   8   8   8   8   8 0.4 2  70 125.0   117.9 119.8 125.2 118.0 117.7
2022 10 09 2580  8 13 13 13 13 13 13 13 13 104   5   5   5   5   5   5   5   5   5 0.2 1  70 125.0   117.6 119.6 125.2 117.8 117.6
2022 10 10 2580  9 27 27 27 27 27 27 27 27 216  12  12  12  12  12  12  12  12  12 0.7 3  70 125.0   117.3 119.6 125.3 117.6 117.6
2022 10 11 2580 10 30 30 30 30 30 30 30 30 240  15  15  15  15  15  15  15  15  15 0.8 4  70 125.0   117.2 119.7 125.4 117.5 117.7
2022 10 12 2580 11 24 24 24 24 24 24 24 24 192  10  10  10  10  10  10  10  10  10 0.6 3  70 126.0   117.1 119.9 126.5 117.4 117.9
2022 10 13 2580 12 22 22 22 22 22 22 22 22 176   8   8   8   8   8   8   8   8   8 0.4 2  70 125.0   116.8 120.0 125.5 117.2 118.2
2022 10 14 2580 13 22 22 22 22 22 22 22 22 176   8   8   8   8   8   8   8   8   8 0.4 2  70 125.0   116.5 120.3 125.6 117.0 118.5
2022 10 15 2580 14 13 13 13 13 13 13 13 13 104   5   5   5   5   5   5   5   5   5 0.2 1  70 126.0   116.2 120.6 126.7 116.7 118.8
2022 10 16 2580 15 13 13 13 13 13 13 13 13 104   5   5   5   5   5   5   5   5   5 0.2 1  70 120.0   115.9 120.8 120.7 116.5 119.1
2022 10 17 2580 16 13 13 13 13 13 13 13 13 104   5   5   5   5   5   5   5   5   5 0.2 1  70 125.0   115.6 121.2 125.8 116.3 119.5
2022 10 18 2580 17 13 13 13 13 13 13 13 13 104   5   5   5   5   5   5   5   5   5 0.2 1  70 125.0   115.4 121.5 125.9 116.1 119.9
2022 10 19 2580 18 13 13 13 13 13 13 13 13 104   5   5   5   5   5   5   5   5   5 0.2 1  70 115.0   115.1 121.8 115.9 115.8 120.2
2022 10 20 2580 19 27 27 27 27 27 27 27 27 216  12  12  12  12  12  12  12  12  12 0.7 3  70 115.0   114.8 122.0 115.9 115.6 120.5
2022 10 21 2580 20 24 24 24 24 24 24 24 24 192  10  10  10  10  10  10  10  10  10 0.6 3  70 115.0   114.6 122.2 116.0 115.4 120.7
2022 10 22 2580 21 29 29 29 29 29 29 29 29 232  14  14  14  14  14  14  14  14  14 0.8 4  70 120.0   114.3 122.4 121.1 115.2 121.0
2022 10 23 2580 22 29 29 29 29 29 29 29 29 232  14  14  14  14  14  14  14  14  14 0.8 4  70 120.0   114.1 122.7 121.2 115.0 121.3
2022 10 24 2580 23 29 29 29 29 29 29 29 29 232  14  14  14  14  14  14  14  14  14 0.8 4  70 120.0   113.8 122.8 121.3 114.9 121.4